m1101[0]	6	r108|r370|r371|r592|r787|r789
m1102[0]	6	r109|r372|r373|r591|r788|r790
m1086[0]	5	r108|r26|r368|r369|r589
m1087[0]	5	r109|r27|r365|r367|r590
m674[0]	3	r125|r129|r693
182[0]	2	1426|1426
854[0]	2	1434|1434
224[0]	2	1444|1445
866[0]	2	1444|1445
300[0]	2	1444|1445
281[0]	2	1444|1445
297[0]	2	1444|1445
421[0]	2	1444|1445
427[0]	2	1444|1445
645[0]	2	1444|1445
571[0]	2	1444|1445
26[0]	2	1444|1445
730[0]	2	1444|1445
16[0]	2	1444|1445
55[0]	2	1444|1445
121[0]	2	1444|1445
138[0]	2	1444|1445
45[0]	2	1444|1445
m1037[0]	2	r1096|r600
m1038[0]	2	r1096|r601
m1039[0]	2	r1096|r602
m1040[0]	2	r1096|r603
m1360[0]	2	r1100|r1102
m1362[0]	2	r1101|r1102
m1361[0]	2	r1102|r1103
m1363[0]	2	r1102|r1338
m693[0]	2	r186|r885
m697[0]	2	r187|r886
m685[0]	2	r188|r887
m689[0]	2	r189|r888
m691[0]	2	r2|r326
m692[0]	2	r2|r885
m712[0]	2	r215|r895
m725[0]	2	r216|r893
m717[0]	2	r225|r896
m721[0]	2	r226|r892
m1072[0]	2	r26|r400
m1073[0]	2	r27|r401
m695[0]	2	r3|r327
m696[0]	2	r3|r886
m683[0]	2	r328|r4
m687[0]	2	r329|r5
m727[0]	2	r337|r50
m908[0]	2	r359|r671
m1105[0]	2	r370|r789
m1106[0]	2	r371|r787
m1107[0]	2	r372|r790
m1108[0]	2	r373|r788
m1116[0]	2	r376|r674
m1120[0]	2	r378|r676
m1122[0]	2	r379|r677
m1124[0]	2	r380|r678
m684[0]	2	r4|r887
m873[0]	2	r432|r544
m722[0]	2	r49|r892
m688[0]	2	r5|r888
m726[0]	2	r50|r893
m718[0]	2	r53|r896
m1089[0]	2	r589|r874
m1100[0]	2	r590|r875
m988[0]	2	r756|r760
m1006[0]	2	r760|r761
909[0]	1	1424
541[0]	1	1424
813[0]	1	1424
Cx_1[1]	1	1424
900[0]	1	1425
874[0]	1	1425
685[0]	1	1425
446[0]	1	1425
Cx_2[1]	1	1425
877[0]	1	1426
822[0]	1	1426
712[0]	1	1426
706[0]	1	1426
567[0]	1	1426
472[0]	1	1426
317[0]	1	1426
11[0]	1	1426
Cx_3[1]	1	1426
861[0]	1	1427
148[0]	1	1427
Cx_4[1]	1	1427
788[0]	1	1428
592[0]	1	1428
434[0]	1	1428
268[0]	1	1428
188[0]	1	1428
70[0]	1	1428
Cx_5[1]	1	1428
775[0]	1	1429
597[0]	1	1429
120[0]	1	1429
Cx_6[1]	1	1429
735[0]	1	1430
905[0]	1	1430
Cx_7[1]	1	1430
648[0]	1	1431
75[0]	1	1431
Cx_8[1]	1	1431
587[0]	1	1432
254[0]	1	1432
164[0]	1	1432
430[0]	1	1432
460[0]	1	1432
295[0]	1	1432
289[0]	1	1432
417[0]	1	1432
606[0]	1	1432
687[0]	1	1432
724[0]	1	1432
80[0]	1	1432
106[0]	1	1432
187[0]	1	1432
160[0]	1	1432
776[0]	1	1432
Cx_9[1]	1	1432
569[0]	1	1433
869[0]	1	1433
Cx_10[1]	1	1433
519[0]	1	1434
732[0]	1	1434
Cx_11[1]	1	1434
515[0]	1	1435
141[0]	1	1435
Cx_12[1]	1	1435
447[0]	1	1436
448[0]	1	1436
Cx_13[1]	1	1436
389[0]	1	1437
127[0]	1	1437
Cx_14[1]	1	1437
273[0]	1	1438
11[1]	1	1438
876[0]	1	1438
182[1]	1	1438
550[0]	1	1438
908[0]	1	1438
201[0]	1	1438
812[0]	1	1438
462[0]	1	1438
133[0]	1	1438
61[0]	1	1438
857[0]	1	1438
622[0]	1	1438
269[0]	1	1439
5[0]	1	1439
Cx_16[1]	1	1439
261[0]	1	1440
274[0]	1	1440
514[0]	1	1440
639[0]	1	1440
654[0]	1	1440
547[0]	1	1440
433[0]	1	1440
668[0]	1	1440
140[0]	1	1440
808[0]	1	1440
Cx_17[1]	1	1440
255[0]	1	1441
161[0]	1	1441
Cx_18[1]	1	1441
251[0]	1	1442
290[0]	1	1442
604[0]	1	1442
92[0]	1	1442
456[0]	1	1442
649[0]	1	1442
626[0]	1	1442
610[0]	1	1442
490[0]	1	1442
327[0]	1	1442
265[0]	1	1442
89[0]	1	1442
41[0]	1	1442
Cx_19[1]	1	1442
249[0]	1	1443
425[0]	1	1443
Cx_20[1]	1	1443
675[0]	1	1444
Cx_21[1]	1	1444
Cx_22[1]	1	1445
195[0]	1	1446
452[0]	1	1446
46[0]	1	1446
701[0]	1	1446
329[0]	1	1446
Cx_23[1]	1	1446
93[0]	1	1447
47[0]	1	1447
Cx_24[1]	1	1447
44[0]	1	1448
48[0]	1	1448
142[0]	1	1448
122[0]	1	1448
102[0]	1	1448
Cx_25[1]	1	1448
m456[0]	1	r1
m1186[0]	1	r1222
m1187[1]	1	r1222
m1216[1]	1	r1313
m1217[0]	1	r1313
m1364[0]	1	r1337
m1365[1]	1	r1337
m1364[1]	1	r1338
m1090[0]	1	r365
m1092[0]	1	r367
m1096[0]	1	r368
m1097[0]	1	r369
m872[0]	1	r431
m954[0]	1	r439
m948[0]	1	r544
m1103[0]	1	r591
m1104[0]	1	r592
m1007[0]	1	r761
m1025[0]	1	r762
m1026[0]	1	r762
m1173[0]	1	r995
