443[0]	7	1334|1362|1362|1362|1363|1363|1363
458[0]	7	1334|1362|1362|1362|1363|1363|1363
459[0]	7	1334|1362|1362|1362|1363|1363|1363
461[0]	7	1334|1362|1362|1362|1363|1363|1363
462[0]	7	1334|1362|1362|1362|1363|1363|1363
467[0]	7	1334|1362|1362|1362|1363|1363|1363
m752[0]	6	r117|r379|r380|r595|r791|r793
m753[0]	6	r118|r381|r382|r594|r792|r794
m740[0]	5	r117|r30|r377|r378|r592
m741[0]	5	r118|r31|r375|r376|r593
616[0]	4	1373|1373|1373|1376
448[0]	3	1334|1362|1363
460[0]	3	1334|1362|1363
464[0]	3	1334|1362|1363
468[0]	3	1334|1362|1363
610[0]	3	1373|1373|1373
611[0]	3	1373|1373|1373
612[0]	3	1373|1373|1373
613[0]	3	1373|1373|1376
614[0]	3	1373|1373|1373
615[0]	3	1373|1373|1373
m474[0]	3	r134|r139|r699
333[0]	2	1344|1353
617[0]	2	1373|1376
m485[0]	2	r192|r882
m489[0]	2	r193|r883
m493[0]	2	r194|r884
m497[0]	2	r195|r885
m1243[0]	2	r228|r895
m1248[0]	2	r229|r896
m1252[0]	2	r230|r897
m1256[0]	2	r231|r898
m726[0]	2	r30|r409
m727[0]	2	r31|r410
m483[0]	2	r335|r5
m487[0]	2	r336|r6
m491[0]	2	r337|r7
m495[0]	2	r338|r8
m1258[0]	2	r353|r58
m1170[0]	2	r368|r678
m756[0]	2	r379|r791
m757[0]	2	r380|r793
m758[0]	2	r381|r792
m759[0]	2	r382|r794
m767[0]	2	r385|r681
m771[0]	2	r387|r683
m773[0]	2	r388|r684
m775[0]	2	r389|r685
m875[0]	2	r436|r544
m484[0]	2	r5|r882
m1249[0]	2	r56|r896
m1253[0]	2	r57|r897
m1257[0]	2	r58|r898
m743[0]	2	r592|r872
m751[0]	2	r593|r873
m488[0]	2	r6|r883
m492[0]	2	r7|r884
m664[0]	2	r763|r767
m680[0]	2	r767|r768
m496[0]	2	r8|r885
10[0]	1	1333
11[0]	1	1333
12[0]	1	1333
13[0]	1	1333
Cx_1[1]	1	1333
442[0]	1	1334
444[0]	1	1334
445[0]	1	1334
446[0]	1	1334
447[0]	1	1334
449[0]	1	1334
450[0]	1	1334
451[0]	1	1334
452[0]	1	1334
453[0]	1	1334
454[0]	1	1334
455[0]	1	1334
456[0]	1	1334
457[0]	1	1334
463[0]	1	1334
465[0]	1	1334
466[0]	1	1334
Cx_2[1]	1	1334
585[0]	1	1335
835[0]	1	1335
Cx_3[1]	1	1335
272[0]	1	1336
273[0]	1	1336
Cx_4[1]	1	1336
398[0]	1	1337
409[0]	1	1337
Cx_5[1]	1	1337
105[0]	1	1338
106[0]	1	1338
107[0]	1	1338
Cx_6[1]	1	1338
594[0]	1	1339
595[0]	1	1339
Cx_7[1]	1	1339
734[0]	1	1340
735[0]	1	1340
Cx_8[1]	1	1340
717[0]	1	1341
718[0]	1	1341
Cx_9[1]	1	1341
473[0]	1	1342
474[0]	1	1342
475[0]	1	1342
476[0]	1	1342
477[0]	1	1342
478[0]	1	1342
479[0]	1	1342
480[0]	1	1342
481[0]	1	1342
482[0]	1	1342
483[0]	1	1342
Cx_10[1]	1	1342
570[0]	1	1343
571[0]	1	1343
572[0]	1	1343
Cx_11[1]	1	1343
339[0]	1	1344
340[0]	1	1344
Cx_12[1]	1	1344
740[0]	1	1345
741[0]	1	1345
Cx_13[1]	1	1345
536[0]	1	1346
537[0]	1	1346
Cx_14[1]	1	1346
604[0]	1	1347
605[0]	1	1347
Cx_15[1]	1	1347
317[0]	1	1348
318[0]	1	1348
319[0]	1	1348
Cx_16[1]	1	1348
693[0]	1	1349
694[0]	1	1349
695[0]	1	1349
Cx_17[1]	1	1349
336[0]	1	1350
337[0]	1	1350
Cx_18[1]	1	1350
135[0]	1	1351
175[0]	1	1351
176[0]	1	1351
Cx_19[1]	1	1351
234[0]	1	1352
235[0]	1	1352
Cx_20[1]	1	1352
334[0]	1	1353
Cx_21[1]	1	1353
101[0]	1	1354
102[0]	1	1354
Cx_22[1]	1	1354
144[0]	1	1355
145[0]	1	1355
146[0]	1	1355
147[0]	1	1355
Cx_23[1]	1	1355
834[0]	1	1356
582[0]	1	1356
Cx_24[1]	1	1356
155[0]	1	1357
156[0]	1	1357
Cx_25[1]	1	1357
751[0]	1	1358
752[0]	1	1358
Cx_26[1]	1	1358
517[0]	1	1359
518[0]	1	1359
Cx_27[1]	1	1359
407[0]	1	1360
408[0]	1	1360
Cx_28[1]	1	1360
776[0]	1	1361
777[0]	1	1361
Cx_29[1]	1	1361
Cx_30[1]	1	1362
469[0]	1	1363
Cx_31[1]	1	1363
813[0]	1	1364
814[0]	1	1364
Cx_32[1]	1	1364
382[0]	1	1365
383[0]	1	1365
Cx_33[1]	1	1365
128[0]	1	1366
129[0]	1	1366
Cx_34[1]	1	1366
788[0]	1	1367
789[0]	1	1367
Cx_35[1]	1	1367
167[0]	1	1368
168[0]	1	1368
Cx_36[1]	1	1368
177[0]	1	1369
178[0]	1	1369
179[0]	1	1369
180[0]	1	1369
181[0]	1	1369
182[0]	1	1369
183[0]	1	1369
184[0]	1	1369
185[0]	1	1369
186[0]	1	1369
187[0]	1	1369
188[0]	1	1369
189[0]	1	1369
190[0]	1	1369
191[0]	1	1369
192[0]	1	1369
193[0]	1	1369
194[0]	1	1369
195[0]	1	1369
196[0]	1	1369
197[0]	1	1369
198[0]	1	1369
199[0]	1	1369
200[0]	1	1369
201[0]	1	1369
Cx_37[1]	1	1369
804[0]	1	1370
805[0]	1	1370
Cx_38[1]	1	1370
350[0]	1	1371
351[0]	1	1371
Cx_39[1]	1	1371
14[0]	1	1372
15[0]	1	1372
Cx_40[1]	1	1372
649[0]	1	1373
650[0]	1	1373
651[0]	1	1373
Cx_41[1]	1	1373
259[0]	1	1374
260[0]	1	1374
Cx_42[1]	1	1374
724[0]	1	1375
725[0]	1	1375
Cx_43[1]	1	1375
652[0]	1	1376
632[0]	1	1376
634[0]	1	1376
630[0]	1	1376
631[0]	1	1376
Cx_44[1]	1	1376
m815[0]	1	r1100
m1214[1]	1	r1100
m744[0]	1	r375
m746[0]	1	r376
m748[0]	1	r377
m749[0]	1	r378
m356[0]	1	r4
m644[0]	1	r442
m638[0]	1	r544
m754[0]	1	r594
m755[0]	1	r595
m700[0]	1	r603
m701[0]	1	r604
m702[0]	1	r605
m703[0]	1	r606
m681[0]	1	r768
m692[0]	1	r769
m693[0]	1	r769
m1211[0]	1	r993
